Enter starting square on the board (i.e. c3, e2, b5, etc.), or X/x to exit: b2
You have chosen to start from square b2
1 --> ['b2', 'a4', 'c5', 'e4', 'c3', 'd1', 'e3', 'd5', 'b4', 'a2', 'c1', 'e2', 'd4', 'b5', 'a3', 'b1', 'd2', 'c4', 'e5', 'd3', 'e1', 'c2', 'a1', 'b3', 'a5']

5  25 14  3  8 19
4   2  9 18 13  4
3  15 24  5 20  7
2  10  1 22 17 12
1  23 16 11  6 21

    a  b  c  d  e

2 --> ['b2', 'a4', 'c5', 'e4', 'c3', 'd1', 'e3', 'd5', 'b4', 'a2', 'c1', 'e2', 'd4', 'b5', 'a3', 'b1', 'd2', 'c4', 'a5', 'b3', 'a1', 'c2', 'e1', 'd3', 'e5']

5  19 14  3  8 25
4   2  9 18 13  4
3  15 20  5 24  7
2  10  1 22 17 12
1  21 16 11  6 23

    a  b  c  d  e

3 --> ['b2', 'a4', 'c5', 'e4', 'c3', 'd1', 'e3', 'd5', 'b4', 'a2', 'c1', 'e2', 'd4', 'b5', 'a3', 'b1', 'd2', 'b3', 'a5', 'c4', 'e5', 'd3', 'e1', 'c2', 'a1']

5  19 14  3  8 21
4   2  9 20 13  4
3  15 18  5 22  7
2  10  1 24 17 12
1  25 16 11  6 23

    a  b  c  d  e

4 --> ['b2', 'a4', 'c5', 'e4', 'c3', 'd1', 'e3', 'd5', 'b4', 'a2', 'c1', 'e2', 'd4', 'b5', 'a3', 'b1', 'd2', 'b3', 'a1', 'c2', 'e1', 'd3', 'e5', 'c4', 'a5']

5  25 14  3  8 23
4   2  9 24 13  4
3  15 18  5 22  7
2  10  1 20 17 12
1  19 16 11  6 21

    a  b  c  d  e

5 --> ['b2', 'a4', 'c5', 'e4', 'd2', 'b1', 'c3', 'd1', 'e3', 'd5', 'b4', 'a2', 'c1', 'e2', 'd4', 'b5', 'a3', 'c4', 'e5', 'd3', 'e1', 'c2', 'a1', 'b3', 'a5']

5  25 16  3 10 19
4   2 11 18 15  4
3  17 24  7 20  9
2  12  1 22  5 14
1  23  6 13  8 21

    a  b  c  d  e

6 --> ['b2', 'a4', 'c5', 'e4', 'd2', 'b1', 'c3', 'd1', 'e3', 'd5', 'b4', 'a2', 'c1', 'e2', 'd4', 'b5', 'a3', 'c4', 'a5', 'b3', 'a1', 'c2', 'e1', 'd3', 'e5']

5  19 16  3 10 25
4   2 11 18 15  4
3  17 20  7 24  9
2  12  1 22  5 14
1  21  6 13  8 23

    a  b  c  d  e

7 --> ['b2', 'a4', 'c5', 'e4', 'd2', 'b1', 'c3', 'd1', 'e3', 'd5', 'b4', 'a2', 'c1', 'e2', 'd4', 'b5', 'a3', 'c2', 'a1', 'b3', 'a5', 'c4', 'e5', 'd3', 'e1']

5  21 16  3 10 23
4   2 11 22 15  4
3  17 20  7 24  9
2  12  1 18  5 14
1  19  6 13  8 25

    a  b  c  d  e

8 --> ['b2', 'a4', 'c5', 'e4', 'd2', 'b1', 'c3', 'd1', 'e3', 'd5', 'b4', 'a2', 'c1', 'e2', 'd4', 'b5', 'a3', 'c2', 'e1', 'd3', 'e5', 'c4', 'a5', 'b3', 'a1']

5  23 16  3 10 21
4   2 11 22 15  4
3  17 24  7 20  9
2  12  1 18  5 14
1  25  6 13  8 19

    a  b  c  d  e

9 --> ['b2', 'a4', 'c5', 'e4', 'd2', 'b1', 'a3', 'b5', 'c3', 'd1', 'e3', 'd5', 'b4', 'a2', 'c1', 'e2', 'd4', 'b3', 'a5', 'c4', 'e5', 'd3', 'e1', 'c2', 'a1']

5  19  8  3 12 21
4   2 13 20 17  4
3   7 18  9 22 11
2  14  1 24  5 16
1  25  6 15 10 23

    a  b  c  d  e

10 --> ['b2', 'a4', 'c5', 'e4', 'd2', 'b1', 'a3', 'b5', 'c3', 'd1', 'e3', 'd5', 'b4', 'a2', 'c1', 'e2', 'd4', 'b3', 'a1', 'c2', 'e1', 'd3', 'e5', 'c4', 'a5']

5  25  8  3 12 23
4   2 13 24 17  4
3   7 18  9 22 11
2  14  1 20  5 16
1  19  6 15 10 21

    a  b  c  d  e

11 --> ['b2', 'a4', 'c5', 'e4', 'd2', 'b1', 'a3', 'b5', 'c3', 'd1', 'e3', 'd5', 'b4', 'a2', 'c1', 'e2', 'd4', 'c2', 'a1', 'b3', 'a5', 'c4', 'e5', 'd3', 'e1']

5  21  8  3 12 23
4   2 13 22 17  4
3   7 20  9 24 11
2  14  1 18  5 16
1  19  6 15 10 25

    a  b  c  d  e

12 --> ['b2', 'a4', 'c5', 'e4', 'd2', 'b1', 'a3', 'b5', 'c3', 'd1', 'e3', 'd5', 'b4', 'a2', 'c1', 'e2', 'd4', 'c2', 'e1', 'd3', 'e5', 'c4', 'a5', 'b3', 'a1']

5  23  8  3 12 21
4   2 13 22 17  4
3   7 24  9 20 11
2  14  1 18  5 16
1  25  6 15 10 19

    a  b  c  d  e

13 --> ['b2', 'a4', 'c5', 'e4', 'd2', 'b1', 'a3', 'b5', 'd4', 'e2', 'c3', 'd1', 'e3', 'd5', 'b4', 'a2', 'c1', 'd3', 'e5', 'c4', 'a5', 'b3', 'a1', 'c2', 'e1']

5  21  8  3 14 19
4   2 15 20  9  4
3   7 22 11 18 13
2  16  1 24  5 10
1  23  6 17 12 25

    a  b  c  d  e

14 --> ['b2', 'a4', 'c5', 'e4', 'd2', 'b1', 'a3', 'b5', 'd4', 'e2', 'c3', 'd1', 'e3', 'd5', 'b4', 'a2', 'c1', 'd3', 'e1', 'c2', 'a1', 'b3', 'a5', 'c4', 'e5']

5  23  8  3 14 25
4   2 15 24  9  4
3   7 22 11 18 13
2  16  1 20  5 10
1  21  6 17 12 19

    a  b  c  d  e

15 --> ['b2', 'a4', 'c5', 'e4', 'd2', 'b1', 'a3', 'b5', 'd4', 'e2', 'c3', 'd1', 'e3', 'd5', 'b4', 'a2', 'c1', 'b3', 'a5', 'c4', 'e5', 'd3', 'e1', 'c2', 'a1']

5  19  8  3 14 21
4   2 15 20  9  4
3   7 18 11 22 13
2  16  1 24  5 10
1  25  6 17 12 23

    a  b  c  d  e

16 --> ['b2', 'a4', 'c5', 'e4', 'd2', 'b1', 'a3', 'b5', 'd4', 'e2', 'c3', 'd1', 'e3', 'd5', 'b4', 'a2', 'c1', 'b3', 'a1', 'c2', 'e1', 'd3', 'e5', 'c4', 'a5']

5  25  8  3 14 23
4   2 15 24  9  4
3   7 18 11 22 13
2  16  1 20  5 10
1  19  6 17 12 21

    a  b  c  d  e

17 --> ['b2', 'a4', 'c5', 'e4', 'd2', 'b1', 'a3', 'b5', 'd4', 'e2', 'c1', 'a2', 'c3', 'd1', 'e3', 'd5', 'b4', 'c2', 'a1', 'b3', 'a5', 'c4', 'e5', 'd3', 'e1']

5  21  8  3 16 23
4   2 17 22  9  4
3   7 20 13 24 15
2  12  1 18  5 10
1  19  6 11 14 25

    a  b  c  d  e

18 --> ['b2', 'a4', 'c5', 'e4', 'd2', 'b1', 'a3', 'b5', 'd4', 'e2', 'c1', 'a2', 'c3', 'd1', 'e3', 'd5', 'b4', 'c2', 'e1', 'd3', 'e5', 'c4', 'a5', 'b3', 'a1']

5  23  8  3 16 21
4   2 17 22  9  4
3   7 24 13 20 15
2  12  1 18  5 10
1  25  6 11 14 19

    a  b  c  d  e

19 --> ['b2', 'a4', 'c5', 'e4', 'd2', 'b1', 'a3', 'b5', 'd4', 'e2', 'c1', 'a2', 'c3', 'd1', 'e3', 'd5', 'b4', 'd3', 'e5', 'c4', 'a5', 'b3', 'a1', 'c2', 'e1']

5  21  8  3 16 19
4   2 17 20  9  4
3   7 22 13 18 15
2  12  1 24  5 10
1  23  6 11 14 25

    a  b  c  d  e

20 --> ['b2', 'a4', 'c5', 'e4', 'd2', 'b1', 'a3', 'b5', 'd4', 'e2', 'c1', 'a2', 'c3', 'd1', 'e3', 'd5', 'b4', 'd3', 'e1', 'c2', 'a1', 'b3', 'a5', 'c4', 'e5']

5  23  8  3 16 25
4   2 17 24  9  4
3   7 22 13 18 15
2  12  1 20  5 10
1  21  6 11 14 19

    a  b  c  d  e

21 --> ['b2', 'a4', 'c5', 'e4', 'd2', 'b1', 'a3', 'b5', 'd4', 'e2', 'c1', 'a2', 'b4', 'd5', 'c3', 'd1', 'e3', 'c4', 'e5', 'd3', 'e1', 'c2', 'a1', 'b3', 'a5']

5  25  8  3 14 19
4   2 13 18  9  4
3   7 24 15 20 17
2  12  1 22  5 10
1  23  6 11 16 21

    a  b  c  d  e

22 --> ['b2', 'a4', 'c5', 'e4', 'd2', 'b1', 'a3', 'b5', 'd4', 'e2', 'c1', 'a2', 'b4', 'd5', 'c3', 'd1', 'e3', 'c4', 'a5', 'b3', 'a1', 'c2', 'e1', 'd3', 'e5']

5  19  8  3 14 25
4   2 13 18  9  4
3   7 20 15 24 17
2  12  1 22  5 10
1  21  6 11 16 23

    a  b  c  d  e

23 --> ['b2', 'a4', 'c5', 'e4', 'd2', 'b1', 'a3', 'b5', 'd4', 'e2', 'c1', 'a2', 'b4', 'd5', 'c3', 'd1', 'e3', 'c2', 'a1', 'b3', 'a5', 'c4', 'e5', 'd3', 'e1']

5  21  8  3 14 23
4   2 13 22  9  4
3   7 20 15 24 17
2  12  1 18  5 10
1  19  6 11 16 25

    a  b  c  d  e

24 --> ['b2', 'a4', 'c5', 'e4', 'd2', 'b1', 'a3', 'b5', 'd4', 'e2', 'c1', 'a2', 'b4', 'd5', 'c3', 'd1', 'e3', 'c2', 'e1', 'd3', 'e5', 'c4', 'a5', 'b3', 'a1']

5  23  8  3 14 21
4   2 13 22  9  4
3   7 24 15 20 17
2  12  1 18  5 10
1  25  6 11 16 19

    a  b  c  d  e

25 --> ['b2', 'a4', 'c3', 'd1', 'e3', 'd5', 'b4', 'a2', 'c1', 'e2', 'd4', 'b5', 'a3', 'b1', 'd2', 'e4', 'c5', 'b3', 'a5', 'c4', 'e5', 'd3', 'e1', 'c2', 'a1']

5  19 12 17  6 21
4   2  7 20 11 16
3  13 18  3 22  5
2   8  1 24 15 10
1  25 14  9  4 23

    a  b  c  d  e

26 --> ['b2', 'a4', 'c3', 'd1', 'e3', 'd5', 'b4', 'a2', 'c1', 'e2', 'd4', 'b5', 'a3', 'b1', 'd2', 'e4', 'c5', 'b3', 'a1', 'c2', 'e1', 'd3', 'e5', 'c4', 'a5']

5  25 12 17  6 23
4   2  7 24 11 16
3  13 18  3 22  5
2   8  1 20 15 10
1  19 14  9  4 21

    a  b  c  d  e

27 --> ['b2', 'a4', 'c3', 'd1', 'e3', 'd5', 'b4', 'a2', 'c1', 'e2', 'd4', 'b5', 'a3', 'b1', 'd2', 'e4', 'c5', 'd3', 'e5', 'c4', 'a5', 'b3', 'a1', 'c2', 'e1']

5  21 12 17  6 19
4   2  7 20 11 16
3  13 22  3 18  5
2   8  1 24 15 10
1  23 14  9  4 25

    a  b  c  d  e

28 --> ['b2', 'a4', 'c3', 'd1', 'e3', 'd5', 'b4', 'a2', 'c1', 'e2', 'd4', 'b5', 'a3', 'b1', 'd2', 'e4', 'c5', 'd3', 'e1', 'c2', 'a1', 'b3', 'a5', 'c4', 'e5']

5  23 12 17  6 25
4   2  7 24 11 16
3  13 22  3 18  5
2   8  1 20 15 10
1  21 14  9  4 19

    a  b  c  d  e

29 --> ['b2', 'd1', 'e3', 'd5', 'b4', 'a2', 'c3', 'a4', 'c5', 'e4', 'd2', 'b1', 'a3', 'b5', 'd4', 'e2', 'c1', 'd3', 'e5', 'c4', 'a5', 'b3', 'a1', 'c2', 'e1']

5  21 14  9  4 19
4   8  5 20 15 10
3  13 22  7 18  3
2   6  1 24 11 16
1  23 12 17  2 25

    a  b  c  d  e

30 --> ['b2', 'd1', 'e3', 'd5', 'b4', 'a2', 'c3', 'a4', 'c5', 'e4', 'd2', 'b1', 'a3', 'b5', 'd4', 'e2', 'c1', 'd3', 'e1', 'c2', 'a1', 'b3', 'a5', 'c4', 'e5']

5  23 14  9  4 25
4   8  5 24 15 10
3  13 22  7 18  3
2   6  1 20 11 16
1  21 12 17  2 19

    a  b  c  d  e

31 --> ['b2', 'd1', 'e3', 'd5', 'b4', 'a2', 'c3', 'a4', 'c5', 'e4', 'd2', 'b1', 'a3', 'b5', 'd4', 'e2', 'c1', 'b3', 'a5', 'c4', 'e5', 'd3', 'e1', 'c2', 'a1']

5  19 14  9  4 21
4   8  5 20 15 10
3  13 18  7 22  3
2   6  1 24 11 16
1  25 12 17  2 23

    a  b  c  d  e

32 --> ['b2', 'd1', 'e3', 'd5', 'b4', 'a2', 'c3', 'a4', 'c5', 'e4', 'd2', 'b1', 'a3', 'b5', 'd4', 'e2', 'c1', 'b3', 'a1', 'c2', 'e1', 'd3', 'e5', 'c4', 'a5']

5  25 14  9  4 23
4   8  5 24 15 10
3  13 18  7 22  3
2   6  1 20 11 16
1  19 12 17  2 21

    a  b  c  d  e

33 --> ['b2', 'd1', 'e3', 'd5', 'b4', 'a2', 'c1', 'e2', 'd4', 'b5', 'a3', 'b1', 'd2', 'e4', 'c3', 'a4', 'c5', 'b3', 'a5', 'c4', 'e5', 'd3', 'e1', 'c2', 'a1']

5  19 10 17  4 21
4  16  5 20  9 14
3  11 18 15 22  3
2   6  1 24 13  8
1  25 12  7  2 23

    a  b  c  d  e

34 --> ['b2', 'd1', 'e3', 'd5', 'b4', 'a2', 'c1', 'e2', 'd4', 'b5', 'a3', 'b1', 'd2', 'e4', 'c3', 'a4', 'c5', 'b3', 'a1', 'c2', 'e1', 'd3', 'e5', 'c4', 'a5']

5  25 10 17  4 23
4  16  5 24  9 14
3  11 18 15 22  3
2   6  1 20 13  8
1  19 12  7  2 21

    a  b  c  d  e

35 --> ['b2', 'd1', 'e3', 'd5', 'b4', 'a2', 'c1', 'e2', 'd4', 'b5', 'a3', 'b1', 'd2', 'e4', 'c3', 'a4', 'c5', 'd3', 'e5', 'c4', 'a5', 'b3', 'a1', 'c2', 'e1']

5  21 10 17  4 19
4  16  5 20  9 14
3  11 22 15 18  3
2   6  1 24 13  8
1  23 12  7  2 25

    a  b  c  d  e

36 --> ['b2', 'd1', 'e3', 'd5', 'b4', 'a2', 'c1', 'e2', 'd4', 'b5', 'a3', 'b1', 'd2', 'e4', 'c3', 'a4', 'c5', 'd3', 'e1', 'c2', 'a1', 'b3', 'a5', 'c4', 'e5']

5  23 10 17  4 25
4  16  5 24  9 14
3  11 22 15 18  3
2   6  1 20 13  8
1  21 12  7  2 19

    a  b  c  d  e

37 --> ['b2', 'd1', 'e3', 'd5', 'b4', 'a2', 'c1', 'e2', 'd4', 'b5', 'a3', 'b1', 'c3', 'a4', 'c5', 'e4', 'd2', 'c4', 'e5', 'd3', 'e1', 'c2', 'a1', 'b3', 'a5']

5  25 10 15  4 19
4  14  5 18  9 16
3  11 24 13 20  3
2   6  1 22 17  8
1  23 12  7  2 21

    a  b  c  d  e

38 --> ['b2', 'd1', 'e3', 'd5', 'b4', 'a2', 'c1', 'e2', 'd4', 'b5', 'a3', 'b1', 'c3', 'a4', 'c5', 'e4', 'd2', 'c4', 'a5', 'b3', 'a1', 'c2', 'e1', 'd3', 'e5']

5  19 10 15  4 25
4  14  5 18  9 16
3  11 20 13 24  3
2   6  1 22 17  8
1  21 12  7  2 23

    a  b  c  d  e

39 --> ['b2', 'd1', 'e3', 'd5', 'b4', 'a2', 'c1', 'e2', 'd4', 'b5', 'a3', 'b1', 'c3', 'a4', 'c5', 'e4', 'd2', 'b3', 'a5', 'c4', 'e5', 'd3', 'e1', 'c2', 'a1']

5  19 10 15  4 21
4  14  5 20  9 16
3  11 18 13 22  3
2   6  1 24 17  8
1  25 12  7  2 23

    a  b  c  d  e

40 --> ['b2', 'd1', 'e3', 'd5', 'b4', 'a2', 'c1', 'e2', 'd4', 'b5', 'a3', 'b1', 'c3', 'a4', 'c5', 'e4', 'd2', 'b3', 'a1', 'c2', 'e1', 'd3', 'e5', 'c4', 'a5']

5  25 10 15  4 23
4  14  5 24  9 16
3  11 18 13 22  3
2   6  1 20 17  8
1  19 12  7  2 21

    a  b  c  d  e

41 --> ['b2', 'd1', 'e3', 'd5', 'b4', 'a2', 'c1', 'e2', 'd4', 'b5', 'c3', 'a4', 'c5', 'e4', 'd2', 'b1', 'a3', 'c4', 'e5', 'd3', 'e1', 'c2', 'a1', 'b3', 'a5']

5  25 10 13  4 19
4  12  5 18  9 14
3  17 24 11 20  3
2   6  1 22 15  8
1  23 16  7  2 21

    a  b  c  d  e

42 --> ['b2', 'd1', 'e3', 'd5', 'b4', 'a2', 'c1', 'e2', 'd4', 'b5', 'c3', 'a4', 'c5', 'e4', 'd2', 'b1', 'a3', 'c4', 'a5', 'b3', 'a1', 'c2', 'e1', 'd3', 'e5']

5  19 10 13  4 25
4  12  5 18  9 14
3  17 20 11 24  3
2   6  1 22 15  8
1  21 16  7  2 23

    a  b  c  d  e

43 --> ['b2', 'd1', 'e3', 'd5', 'b4', 'a2', 'c1', 'e2', 'd4', 'b5', 'c3', 'a4', 'c5', 'e4', 'd2', 'b1', 'a3', 'c2', 'a1', 'b3', 'a5', 'c4', 'e5', 'd3', 'e1']

5  21 10 13  4 23
4  12  5 22  9 14
3  17 20 11 24  3
2   6  1 18 15  8
1  19 16  7  2 25

    a  b  c  d  e

44 --> ['b2', 'd1', 'e3', 'd5', 'b4', 'a2', 'c1', 'e2', 'd4', 'b5', 'c3', 'a4', 'c5', 'e4', 'd2', 'b1', 'a3', 'c2', 'e1', 'd3', 'e5', 'c4', 'a5', 'b3', 'a1']

5  23 10 13  4 21
4  12  5 22  9 14
3  17 24 11 20  3
2   6  1 18 15  8
1  25 16  7  2 19

    a  b  c  d  e

45 --> ['b2', 'd1', 'e3', 'd5', 'b4', 'a2', 'c1', 'e2', 'c3', 'a4', 'c5', 'e4', 'd2', 'b1', 'a3', 'b5', 'd4', 'b3', 'a5', 'c4', 'e5', 'd3', 'e1', 'c2', 'a1']

5  19 16 11  4 21
4  10  5 20 17 12
3  15 18  9 22  3
2   6  1 24 13  8
1  25 14  7  2 23

    a  b  c  d  e

46 --> ['b2', 'd1', 'e3', 'd5', 'b4', 'a2', 'c1', 'e2', 'c3', 'a4', 'c5', 'e4', 'd2', 'b1', 'a3', 'b5', 'd4', 'b3', 'a1', 'c2', 'e1', 'd3', 'e5', 'c4', 'a5']

5  25 16 11  4 23
4  10  5 24 17 12
3  15 18  9 22  3
2   6  1 20 13  8
1  19 14  7  2 21

    a  b  c  d  e

47 --> ['b2', 'd1', 'e3', 'd5', 'b4', 'a2', 'c1', 'e2', 'c3', 'a4', 'c5', 'e4', 'd2', 'b1', 'a3', 'b5', 'd4', 'c2', 'a1', 'b3', 'a5', 'c4', 'e5', 'd3', 'e1']

5  21 16 11  4 23
4  10  5 22 17 12
3  15 20  9 24  3
2   6  1 18 13  8
1  19 14  7  2 25

    a  b  c  d  e

48 --> ['b2', 'd1', 'e3', 'd5', 'b4', 'a2', 'c1', 'e2', 'c3', 'a4', 'c5', 'e4', 'd2', 'b1', 'a3', 'b5', 'd4', 'c2', 'e1', 'd3', 'e5', 'c4', 'a5', 'b3', 'a1']

5  23 16 11  4 21
4  10  5 22 17 12
3  15 24  9 20  3
2   6  1 18 13  8
1  25 14  7  2 19

    a  b  c  d  e

49 --> ['b2', 'd1', 'e3', 'd5', 'c3', 'a4', 'c5', 'e4', 'd2', 'b1', 'a3', 'b5', 'd4', 'e2', 'c1', 'a2', 'b4', 'c2', 'a1', 'b3', 'a5', 'c4', 'e5', 'd3', 'e1']

5  21 12  7  4 23
4   6 17 22 13  8
3  11 20  5 24  3
2  16  1 18  9 14
1  19 10 15  2 25

    a  b  c  d  e

50 --> ['b2', 'd1', 'e3', 'd5', 'c3', 'a4', 'c5', 'e4', 'd2', 'b1', 'a3', 'b5', 'd4', 'e2', 'c1', 'a2', 'b4', 'c2', 'e1', 'd3', 'e5', 'c4', 'a5', 'b3', 'a1']

5  23 12  7  4 21
4   6 17 22 13  8
3  11 24  5 20  3
2  16  1 18  9 14
1  25 10 15  2 19

    a  b  c  d  e

51 --> ['b2', 'd1', 'e3', 'd5', 'c3', 'a4', 'c5', 'e4', 'd2', 'b1', 'a3', 'b5', 'd4', 'e2', 'c1', 'a2', 'b4', 'd3', 'e5', 'c4', 'a5', 'b3', 'a1', 'c2', 'e1']

5  21 12  7  4 19
4   6 17 20 13  8
3  11 22  5 18  3
2  16  1 24  9 14
1  23 10 15  2 25

    a  b  c  d  e

52 --> ['b2', 'd1', 'e3', 'd5', 'c3', 'a4', 'c5', 'e4', 'd2', 'b1', 'a3', 'b5', 'd4', 'e2', 'c1', 'a2', 'b4', 'd3', 'e1', 'c2', 'a1', 'b3', 'a5', 'c4', 'e5']

5  23 12  7  4 25
4   6 17 24 13  8
3  11 22  5 18  3
2  16  1 20  9 14
1  21 10 15  2 19

    a  b  c  d  e

53 --> ['b2', 'd1', 'c3', 'a4', 'c5', 'e4', 'd2', 'b1', 'a3', 'b5', 'd4', 'e2', 'c1', 'a2', 'b4', 'd5', 'e3', 'c4', 'e5', 'd3', 'e1', 'c2', 'a1', 'b3', 'a5']

5  25 10  5 16 19
4   4 15 18 11  6
3   9 24  3 20 17
2  14  1 22  7 12
1  23  8 13  2 21

    a  b  c  d  e

54 --> ['b2', 'd1', 'c3', 'a4', 'c5', 'e4', 'd2', 'b1', 'a3', 'b5', 'd4', 'e2', 'c1', 'a2', 'b4', 'd5', 'e3', 'c4', 'a5', 'b3', 'a1', 'c2', 'e1', 'd3', 'e5']

5  19 10  5 16 25
4   4 15 18 11  6
3   9 20  3 24 17
2  14  1 22  7 12
1  21  8 13  2 23

    a  b  c  d  e

55 --> ['b2', 'd1', 'c3', 'a4', 'c5', 'e4', 'd2', 'b1', 'a3', 'b5', 'd4', 'e2', 'c1', 'a2', 'b4', 'd5', 'e3', 'c2', 'a1', 'b3', 'a5', 'c4', 'e5', 'd3', 'e1']

5  21 10  5 16 23
4   4 15 22 11  6
3   9 20  3 24 17
2  14  1 18  7 12
1  19  8 13  2 25

    a  b  c  d  e

56 --> ['b2', 'd1', 'c3', 'a4', 'c5', 'e4', 'd2', 'b1', 'a3', 'b5', 'd4', 'e2', 'c1', 'a2', 'b4', 'd5', 'e3', 'c2', 'e1', 'd3', 'e5', 'c4', 'a5', 'b3', 'a1']

5  23 10  5 16 21
4   4 15 22 11  6
3   9 24  3 20 17
2  14  1 18  7 12
1  25  8 13  2 19

    a  b  c  d  e

Total number of path combinations from b2: 56